(kicad_pcb (version 20171130) (host pcbnew "(5.1.5)-3")

  (general
    (thickness 1.6)
    (drawings 18)
    (tracks 145)
    (zones 0)
    (modules 18)
    (nets 23)
  )

  (page A4)
  (layers
    (0 F.Cu signal)
    (31 B.Cu signal)
    (32 B.Adhes user hide)
    (33 F.Adhes user hide)
    (34 B.Paste user hide)
    (35 F.Paste user hide)
    (36 B.SilkS user)
    (37 F.SilkS user)
    (38 B.Mask user)
    (39 F.Mask user)
    (40 Dwgs.User user hide)
    (41 Cmts.User user hide)
    (42 Eco1.User user hide)
    (43 Eco2.User user hide)
    (44 Edge.Cuts user)
    (45 Margin user hide)
    (46 B.CrtYd user hide)
    (47 F.CrtYd user hide)
    (48 B.Fab user hide)
    (49 F.Fab user hide)
  )

  (setup
    (last_trace_width 0.25)
    (user_trace_width 0.381)
    (user_trace_width 0.5)
    (user_trace_width 0.6)
    (user_trace_width 0.7)
    (trace_clearance 0.2)
    (zone_clearance 0.508)
    (zone_45_only no)
    (trace_min 0.2)
    (via_size 0.8)
    (via_drill 0.4)
    (via_min_size 0.4)
    (via_min_drill 0.3)
    (user_via 0.5 0.4)
    (uvia_size 0.3)
    (uvia_drill 0.1)
    (uvias_allowed no)
    (uvia_min_size 0.2)
    (uvia_min_drill 0.1)
    (edge_width 0.15)
    (segment_width 0.2)
    (pcb_text_width 0.3)
    (pcb_text_size 1.5 1.5)
    (mod_edge_width 0.15)
    (mod_text_size 1 1)
    (mod_text_width 0.15)
    (pad_size 1.7 1.7)
    (pad_drill 1)
    (pad_to_mask_clearance 0.051)
    (solder_mask_min_width 0.25)
    (aux_axis_origin 0 0)
    (visible_elements 7FFFEFFF)
    (pcbplotparams
      (layerselection 0x01000_ffffffff)
      (usegerberextensions true)
      (usegerberattributes false)
      (usegerberadvancedattributes false)
      (creategerberjobfile false)
      (excludeedgelayer true)
      (linewidth 0.100000)
      (plotframeref false)
      (viasonmask false)
      (mode 1)
      (useauxorigin false)
      (hpglpennumber 1)
      (hpglpenspeed 20)
      (hpglpendiameter 15.000000)
      (psnegative false)
      (psa4output false)
      (plotreference true)
      (plotvalue true)
      (plotinvisibletext false)
      (padsonsilk false)
      (subtractmaskfromsilk false)
      (outputformat 3)
      (mirror false)
      (drillshape 0)
      (scaleselection 1)
      (outputdirectory "Gerbers/"))
  )

  (net 0 "")
  (net 1 GND)
  (net 2 +3V3)
  (net 3 RX)
  (net 4 TX)
  (net 5 CTS)
  (net 6 RTS)
  (net 7 BLUE1)
  (net 8 RED1)
  (net 9 GREEN1)
  (net 10 "Net-(TP2-Pad1)")
  (net 11 SW0)
  (net 12 GREEN0)
  (net 13 RED0)
  (net 14 BLUE0)
  (net 15 "Net-(J3-Pad5)")
  (net 16 "Net-(J3-Pad6)")
  (net 17 "Net-(D2-Pad3)")
  (net 18 "Net-(D2-Pad2)")
  (net 19 "Net-(D2-Pad1)")
  (net 20 "Net-(D3-Pad3)")
  (net 21 "Net-(D3-Pad2)")
  (net 22 "Net-(D3-Pad1)")

  (net_class Default "This is the default net class."
    (clearance 0.2)
    (trace_width 0.25)
    (via_dia 0.8)
    (via_drill 0.4)
    (uvia_dia 0.3)
    (uvia_drill 0.1)
    (add_net +3V3)
    (add_net BLUE0)
    (add_net BLUE1)
    (add_net CTS)
    (add_net GND)
    (add_net GREEN0)
    (add_net GREEN1)
    (add_net "Net-(D2-Pad1)")
    (add_net "Net-(D2-Pad2)")
    (add_net "Net-(D2-Pad3)")
    (add_net "Net-(D3-Pad1)")
    (add_net "Net-(D3-Pad2)")
    (add_net "Net-(D3-Pad3)")
    (add_net "Net-(J3-Pad5)")
    (add_net "Net-(J3-Pad6)")
    (add_net "Net-(TP2-Pad1)")
    (add_net RED0)
    (add_net RED1)
    (add_net RTS)
    (add_net RX)
    (add_net SW0)
    (add_net TX)
  )

  (net_class Power ""
    (clearance 0.2)
    (trace_width 0.35)
    (via_dia 0.8)
    (via_drill 0.4)
    (uvia_dia 0.3)
    (uvia_drill 0.1)
  )

  (module Connector_PinSocket_2.54mm:PinSocket_1x06_P2.54mm_Vertical (layer F.Cu) (tedit 604C5942) (tstamp 604C65A6)
    (at 119.5 76)
    (descr "Through hole straight socket strip, 1x06, 2.54mm pitch, single row (from Kicad 4.0.7), script generated")
    (tags "Through hole socket strip THT 1x06 2.54mm single row")
    (path /604DE809)
    (fp_text reference J3 (at 0 -2.77) (layer F.SilkS)
      (effects (font (size 1 1) (thickness 0.15)))
    )
    (fp_text value Conn_01x06 (at 0 15.47) (layer F.Fab)
      (effects (font (size 1 1) (thickness 0.15)))
    )
    (fp_line (start -1.27 -1.27) (end 0.635 -1.27) (layer F.Fab) (width 0.1))
    (fp_line (start 0.635 -1.27) (end 1.27 -0.635) (layer F.Fab) (width 0.1))
    (fp_line (start 1.27 -0.635) (end 1.27 13.97) (layer F.Fab) (width 0.1))
    (fp_line (start 1.27 13.97) (end -1.27 13.97) (layer F.Fab) (width 0.1))
    (fp_line (start -1.27 13.97) (end -1.27 -1.27) (layer F.Fab) (width 0.1))
    (fp_line (start -1.33 1.27) (end 1.33 1.27) (layer F.SilkS) (width 0.12))
    (fp_line (start -1.33 1.27) (end -1.33 14.03) (layer F.SilkS) (width 0.12))
    (fp_line (start -1.33 14.03) (end 1.33 14.03) (layer F.SilkS) (width 0.12))
    (fp_line (start 1.33 1.27) (end 1.33 14.03) (layer F.SilkS) (width 0.12))
    (fp_line (start 1.33 -1.33) (end 1.33 0) (layer F.SilkS) (width 0.12))
    (fp_line (start 0 -1.33) (end 1.33 -1.33) (layer F.SilkS) (width 0.12))
    (fp_line (start -1.8 -1.8) (end 1.75 -1.8) (layer F.CrtYd) (width 0.05))
    (fp_line (start 1.75 -1.8) (end 1.75 14.45) (layer F.CrtYd) (width 0.05))
    (fp_line (start 1.75 14.45) (end -1.8 14.45) (layer F.CrtYd) (width 0.05))
    (fp_line (start -1.8 14.45) (end -1.8 -1.8) (layer F.CrtYd) (width 0.05))
    (fp_text user %R (at 0 6.35 90) (layer F.Fab)
      (effects (font (size 1 1) (thickness 0.15)))
    )
    (pad 1 smd rect (at 0 0) (size 3.5 1.7) (layers F.Cu F.Paste F.Mask)
      (net 2 +3V3))
    (pad 2 smd rect (at 0 2.54) (size 3.5 1.7) (layers F.Cu F.Paste F.Mask)
      (net 2 +3V3))
    (pad 3 smd rect (at 0 5.08) (size 3.5 1.7) (layers F.Cu F.Paste F.Mask)
      (net 1 GND))
    (pad 4 smd rect (at 0 7.62) (size 3.5 1.7) (layers F.Cu F.Paste F.Mask))
    (pad 5 smd rect (at 0 10.16) (size 3.5 1.7) (layers F.Cu F.Paste F.Mask)
      (net 15 "Net-(J3-Pad5)"))
    (pad 6 smd rect (at 0 12.7) (size 3.5 1.7) (layers F.Cu F.Paste F.Mask)
      (net 16 "Net-(J3-Pad6)"))
  )

  (module LED_SMD:LED_RGB_5050-6 (layer F.Cu) (tedit 59155824) (tstamp 60503E88)
    (at 127 63.4 90)
    (descr http://cdn.sparkfun.com/datasheets/Components/LED/5060BRG4.pdf)
    (tags "RGB LED 5050-6")
    (path /60437609)
    (attr smd)
    (fp_text reference D2 (at 0 -3.5 270) (layer F.SilkS)
      (effects (font (size 1 1) (thickness 0.15)))
    )
    (fp_text value LED_RGB_5050 (at 0 3.3 90) (layer F.Fab)
      (effects (font (size 1 1) (thickness 0.15)))
    )
    (fp_circle (center 0 0) (end 0 -1.9) (layer F.Fab) (width 0.1))
    (fp_text user %R (at 0 0 90) (layer F.Fab)
      (effects (font (size 0.6 0.6) (thickness 0.06)))
    )
    (fp_line (start -3.65 -2.75) (end -3.65 2.75) (layer F.CrtYd) (width 0.05))
    (fp_line (start -3.65 2.75) (end 3.65 2.75) (layer F.CrtYd) (width 0.05))
    (fp_line (start 3.65 2.75) (end 3.65 -2.75) (layer F.CrtYd) (width 0.05))
    (fp_line (start 3.65 -2.75) (end -3.65 -2.75) (layer F.CrtYd) (width 0.05))
    (fp_line (start 2.5 2.7) (end -2.5 2.7) (layer F.SilkS) (width 0.12))
    (fp_line (start -3.6 -1.6) (end -3.6 -2.7) (layer F.SilkS) (width 0.12))
    (fp_line (start -3.6 -2.7) (end 2.5 -2.7) (layer F.SilkS) (width 0.12))
    (fp_line (start -2.5 -2.5) (end -2.5 2.5) (layer F.Fab) (width 0.1))
    (fp_line (start -2.5 2.5) (end 2.5 2.5) (layer F.Fab) (width 0.1))
    (fp_line (start 2.5 2.5) (end 2.5 -2.5) (layer F.Fab) (width 0.1))
    (fp_line (start 2.5 -2.5) (end -2.5 -2.5) (layer F.Fab) (width 0.1))
    (fp_line (start -2.5 -1.9) (end -1.9 -2.5) (layer F.Fab) (width 0.1))
    (pad 6 smd rect (at 2.4 -1.7 180) (size 1.1 2) (layers F.Cu F.Paste F.Mask)
      (net 2 +3V3))
    (pad 5 smd rect (at 2.4 0 180) (size 1.1 2) (layers F.Cu F.Paste F.Mask)
      (net 2 +3V3))
    (pad 4 smd rect (at 2.4 1.7 180) (size 1.1 2) (layers F.Cu F.Paste F.Mask)
      (net 2 +3V3))
    (pad 3 smd rect (at -2.4 1.7 180) (size 1.1 2) (layers F.Cu F.Paste F.Mask)
      (net 17 "Net-(D2-Pad3)"))
    (pad 2 smd rect (at -2.4 0 180) (size 1.1 2) (layers F.Cu F.Paste F.Mask)
      (net 18 "Net-(D2-Pad2)"))
    (pad 1 smd rect (at -2.4 -1.7 180) (size 1.1 2) (layers F.Cu F.Paste F.Mask)
      (net 19 "Net-(D2-Pad1)"))
    (model ${KISYS3DMOD}/LED_SMD.3dshapes/LED_RGB_5050-6.wrl
      (at (xyz 0 0 0))
      (scale (xyz 1 1 1))
      (rotate (xyz 0 0 0))
    )
  )

  (module Resistor_SMD:R_0603_1608Metric (layer F.Cu) (tedit 5B301BBD) (tstamp 60497B2F)
    (at 125.3 70.0125 270)
    (descr "Resistor SMD 0603 (1608 Metric), square (rectangular) end terminal, IPC_7351 nominal, (Body size source: http://www.tortai-tech.com/upload/download/2011102023233369053.pdf), generated with kicad-footprint-generator")
    (tags resistor)
    (path /60493226)
    (attr smd)
    (fp_text reference R1 (at 0 -1.43 90) (layer F.SilkS)
      (effects (font (size 1 1) (thickness 0.15)))
    )
    (fp_text value 330 (at 0 1.43 90) (layer F.Fab)
      (effects (font (size 1 1) (thickness 0.15)))
    )
    (fp_text user %R (at 0 0 90) (layer F.Fab)
      (effects (font (size 0.4 0.4) (thickness 0.06)))
    )
    (fp_line (start 1.48 0.73) (end -1.48 0.73) (layer F.CrtYd) (width 0.05))
    (fp_line (start 1.48 -0.73) (end 1.48 0.73) (layer F.CrtYd) (width 0.05))
    (fp_line (start -1.48 -0.73) (end 1.48 -0.73) (layer F.CrtYd) (width 0.05))
    (fp_line (start -1.48 0.73) (end -1.48 -0.73) (layer F.CrtYd) (width 0.05))
    (fp_line (start -0.162779 0.51) (end 0.162779 0.51) (layer F.SilkS) (width 0.12))
    (fp_line (start -0.162779 -0.51) (end 0.162779 -0.51) (layer F.SilkS) (width 0.12))
    (fp_line (start 0.8 0.4) (end -0.8 0.4) (layer F.Fab) (width 0.1))
    (fp_line (start 0.8 -0.4) (end 0.8 0.4) (layer F.Fab) (width 0.1))
    (fp_line (start -0.8 -0.4) (end 0.8 -0.4) (layer F.Fab) (width 0.1))
    (fp_line (start -0.8 0.4) (end -0.8 -0.4) (layer F.Fab) (width 0.1))
    (pad 2 smd roundrect (at 0.7875 0 270) (size 0.875 0.95) (layers F.Cu F.Paste F.Mask) (roundrect_rratio 0.25)
      (net 12 GREEN0))
    (pad 1 smd roundrect (at -0.7875 0 270) (size 0.875 0.95) (layers F.Cu F.Paste F.Mask) (roundrect_rratio 0.25)
      (net 19 "Net-(D2-Pad1)"))
    (model ${KISYS3DMOD}/Resistor_SMD.3dshapes/R_0603_1608Metric.wrl
      (at (xyz 0 0 0))
      (scale (xyz 1 1 1))
      (rotate (xyz 0 0 0))
    )
  )

  (module LED_SMD:LED_RGB_5050-6 (layer F.Cu) (tedit 59155824) (tstamp 60504014)
    (at 138.2 63.5 90)
    (descr http://cdn.sparkfun.com/datasheets/Components/LED/5060BRG4.pdf)
    (tags "RGB LED 5050-6")
    (path /604447A5)
    (attr smd)
    (fp_text reference D3 (at 0 -3.5 270) (layer F.SilkS)
      (effects (font (size 1 1) (thickness 0.15)))
    )
    (fp_text value LED_RGB_5050 (at 0 3.3 90) (layer F.Fab)
      (effects (font (size 1 1) (thickness 0.15)))
    )
    (fp_circle (center 0 0) (end 0 -1.9) (layer F.Fab) (width 0.1))
    (fp_text user %R (at 0 0 90) (layer F.Fab)
      (effects (font (size 0.6 0.6) (thickness 0.06)))
    )
    (fp_line (start -3.65 -2.75) (end -3.65 2.75) (layer F.CrtYd) (width 0.05))
    (fp_line (start -3.65 2.75) (end 3.65 2.75) (layer F.CrtYd) (width 0.05))
    (fp_line (start 3.65 2.75) (end 3.65 -2.75) (layer F.CrtYd) (width 0.05))
    (fp_line (start 3.65 -2.75) (end -3.65 -2.75) (layer F.CrtYd) (width 0.05))
    (fp_line (start 2.5 2.7) (end -2.5 2.7) (layer F.SilkS) (width 0.12))
    (fp_line (start -3.6 -1.6) (end -3.6 -2.7) (layer F.SilkS) (width 0.12))
    (fp_line (start -3.6 -2.7) (end 2.5 -2.7) (layer F.SilkS) (width 0.12))
    (fp_line (start -2.5 -2.5) (end -2.5 2.5) (layer F.Fab) (width 0.1))
    (fp_line (start -2.5 2.5) (end 2.5 2.5) (layer F.Fab) (width 0.1))
    (fp_line (start 2.5 2.5) (end 2.5 -2.5) (layer F.Fab) (width 0.1))
    (fp_line (start 2.5 -2.5) (end -2.5 -2.5) (layer F.Fab) (width 0.1))
    (fp_line (start -2.5 -1.9) (end -1.9 -2.5) (layer F.Fab) (width 0.1))
    (pad 6 smd rect (at 2.4 -1.7 180) (size 1.1 2) (layers F.Cu F.Paste F.Mask)
      (net 2 +3V3))
    (pad 5 smd rect (at 2.4 0 180) (size 1.1 2) (layers F.Cu F.Paste F.Mask)
      (net 2 +3V3))
    (pad 4 smd rect (at 2.4 1.7 180) (size 1.1 2) (layers F.Cu F.Paste F.Mask)
      (net 2 +3V3))
    (pad 3 smd rect (at -2.4 1.7 180) (size 1.1 2) (layers F.Cu F.Paste F.Mask)
      (net 20 "Net-(D3-Pad3)"))
    (pad 2 smd rect (at -2.4 0 180) (size 1.1 2) (layers F.Cu F.Paste F.Mask)
      (net 21 "Net-(D3-Pad2)"))
    (pad 1 smd rect (at -2.4 -1.7 180) (size 1.1 2) (layers F.Cu F.Paste F.Mask)
      (net 22 "Net-(D3-Pad1)"))
    (model ${KISYS3DMOD}/LED_SMD.3dshapes/LED_RGB_5050-6.wrl
      (at (xyz 0 0 0))
      (scale (xyz 1 1 1))
      (rotate (xyz 0 0 0))
    )
  )

  (module Resistor_SMD:R_0603_1608Metric (layer F.Cu) (tedit 5B301BBD) (tstamp 6049776A)
    (at 127 70 270)
    (descr "Resistor SMD 0603 (1608 Metric), square (rectangular) end terminal, IPC_7351 nominal, (Body size source: http://www.tortai-tech.com/upload/download/2011102023233369053.pdf), generated with kicad-footprint-generator")
    (tags resistor)
    (path /60493EBF)
    (attr smd)
    (fp_text reference R2 (at 0 -1.43 90) (layer F.SilkS)
      (effects (font (size 1 1) (thickness 0.15)))
    )
    (fp_text value 330 (at 0 1.43 90) (layer F.Fab)
      (effects (font (size 1 1) (thickness 0.15)))
    )
    (fp_line (start -0.8 0.4) (end -0.8 -0.4) (layer F.Fab) (width 0.1))
    (fp_line (start -0.8 -0.4) (end 0.8 -0.4) (layer F.Fab) (width 0.1))
    (fp_line (start 0.8 -0.4) (end 0.8 0.4) (layer F.Fab) (width 0.1))
    (fp_line (start 0.8 0.4) (end -0.8 0.4) (layer F.Fab) (width 0.1))
    (fp_line (start -0.162779 -0.51) (end 0.162779 -0.51) (layer F.SilkS) (width 0.12))
    (fp_line (start -0.162779 0.51) (end 0.162779 0.51) (layer F.SilkS) (width 0.12))
    (fp_line (start -1.48 0.73) (end -1.48 -0.73) (layer F.CrtYd) (width 0.05))
    (fp_line (start -1.48 -0.73) (end 1.48 -0.73) (layer F.CrtYd) (width 0.05))
    (fp_line (start 1.48 -0.73) (end 1.48 0.73) (layer F.CrtYd) (width 0.05))
    (fp_line (start 1.48 0.73) (end -1.48 0.73) (layer F.CrtYd) (width 0.05))
    (fp_text user %R (at 0 0 90) (layer F.Fab)
      (effects (font (size 0.4 0.4) (thickness 0.06)))
    )
    (pad 1 smd roundrect (at -0.7875 0 270) (size 0.875 0.95) (layers F.Cu F.Paste F.Mask) (roundrect_rratio 0.25)
      (net 18 "Net-(D2-Pad2)"))
    (pad 2 smd roundrect (at 0.7875 0 270) (size 0.875 0.95) (layers F.Cu F.Paste F.Mask) (roundrect_rratio 0.25)
      (net 13 RED0))
    (model ${KISYS3DMOD}/Resistor_SMD.3dshapes/R_0603_1608Metric.wrl
      (at (xyz 0 0 0))
      (scale (xyz 1 1 1))
      (rotate (xyz 0 0 0))
    )
  )

  (module Resistor_SMD:R_0603_1608Metric (layer F.Cu) (tedit 5B301BBD) (tstamp 606F3407)
    (at 134.7 71.5125 270)
    (descr "Resistor SMD 0603 (1608 Metric), square (rectangular) end terminal, IPC_7351 nominal, (Body size source: http://www.tortai-tech.com/upload/download/2011102023233369053.pdf), generated with kicad-footprint-generator")
    (tags resistor)
    (path /60494EA7)
    (attr smd)
    (fp_text reference R6 (at 0 -1.43 90) (layer F.SilkS)
      (effects (font (size 1 1) (thickness 0.15)))
    )
    (fp_text value 330 (at 0 1.43 90) (layer F.Fab)
      (effects (font (size 1 1) (thickness 0.15)))
    )
    (fp_line (start -0.8 0.4) (end -0.8 -0.4) (layer F.Fab) (width 0.1))
    (fp_line (start -0.8 -0.4) (end 0.8 -0.4) (layer F.Fab) (width 0.1))
    (fp_line (start 0.8 -0.4) (end 0.8 0.4) (layer F.Fab) (width 0.1))
    (fp_line (start 0.8 0.4) (end -0.8 0.4) (layer F.Fab) (width 0.1))
    (fp_line (start -0.162779 -0.51) (end 0.162779 -0.51) (layer F.SilkS) (width 0.12))
    (fp_line (start -0.162779 0.51) (end 0.162779 0.51) (layer F.SilkS) (width 0.12))
    (fp_line (start -1.48 0.73) (end -1.48 -0.73) (layer F.CrtYd) (width 0.05))
    (fp_line (start -1.48 -0.73) (end 1.48 -0.73) (layer F.CrtYd) (width 0.05))
    (fp_line (start 1.48 -0.73) (end 1.48 0.73) (layer F.CrtYd) (width 0.05))
    (fp_line (start 1.48 0.73) (end -1.48 0.73) (layer F.CrtYd) (width 0.05))
    (fp_text user %R (at 0 0 90) (layer F.Fab)
      (effects (font (size 0.4 0.4) (thickness 0.06)))
    )
    (pad 1 smd roundrect (at -0.7875 0 270) (size 0.875 0.95) (layers F.Cu F.Paste F.Mask) (roundrect_rratio 0.25)
      (net 20 "Net-(D3-Pad3)"))
    (pad 2 smd roundrect (at 0.7875 0 270) (size 0.875 0.95) (layers F.Cu F.Paste F.Mask) (roundrect_rratio 0.25)
      (net 7 BLUE1))
    (model ${KISYS3DMOD}/Resistor_SMD.3dshapes/R_0603_1608Metric.wrl
      (at (xyz 0 0 0))
      (scale (xyz 1 1 1))
      (rotate (xyz 0 0 0))
    )
  )

  (module Resistor_SMD:R_0603_1608Metric (layer F.Cu) (tedit 5B301BBD) (tstamp 6049777B)
    (at 128.7 69.9875 270)
    (descr "Resistor SMD 0603 (1608 Metric), square (rectangular) end terminal, IPC_7351 nominal, (Body size source: http://www.tortai-tech.com/upload/download/2011102023233369053.pdf), generated with kicad-footprint-generator")
    (tags resistor)
    (path /604941FC)
    (attr smd)
    (fp_text reference R3 (at 0 -1.43 90) (layer F.SilkS)
      (effects (font (size 1 1) (thickness 0.15)))
    )
    (fp_text value 330 (at 0 1.43 90) (layer F.Fab)
      (effects (font (size 1 1) (thickness 0.15)))
    )
    (fp_text user %R (at 0 0 90) (layer F.Fab)
      (effects (font (size 0.4 0.4) (thickness 0.06)))
    )
    (fp_line (start 1.48 0.73) (end -1.48 0.73) (layer F.CrtYd) (width 0.05))
    (fp_line (start 1.48 -0.73) (end 1.48 0.73) (layer F.CrtYd) (width 0.05))
    (fp_line (start -1.48 -0.73) (end 1.48 -0.73) (layer F.CrtYd) (width 0.05))
    (fp_line (start -1.48 0.73) (end -1.48 -0.73) (layer F.CrtYd) (width 0.05))
    (fp_line (start -0.162779 0.51) (end 0.162779 0.51) (layer F.SilkS) (width 0.12))
    (fp_line (start -0.162779 -0.51) (end 0.162779 -0.51) (layer F.SilkS) (width 0.12))
    (fp_line (start 0.8 0.4) (end -0.8 0.4) (layer F.Fab) (width 0.1))
    (fp_line (start 0.8 -0.4) (end 0.8 0.4) (layer F.Fab) (width 0.1))
    (fp_line (start -0.8 -0.4) (end 0.8 -0.4) (layer F.Fab) (width 0.1))
    (fp_line (start -0.8 0.4) (end -0.8 -0.4) (layer F.Fab) (width 0.1))
    (pad 2 smd roundrect (at 0.7875 0 270) (size 0.875 0.95) (layers F.Cu F.Paste F.Mask) (roundrect_rratio 0.25)
      (net 14 BLUE0))
    (pad 1 smd roundrect (at -0.7875 0 270) (size 0.875 0.95) (layers F.Cu F.Paste F.Mask) (roundrect_rratio 0.25)
      (net 17 "Net-(D2-Pad3)"))
    (model ${KISYS3DMOD}/Resistor_SMD.3dshapes/R_0603_1608Metric.wrl
      (at (xyz 0 0 0))
      (scale (xyz 1 1 1))
      (rotate (xyz 0 0 0))
    )
  )

  (module Resistor_SMD:R_0603_1608Metric (layer F.Cu) (tedit 5B301BBD) (tstamp 606F3645)
    (at 132.9 71.5125 270)
    (descr "Resistor SMD 0603 (1608 Metric), square (rectangular) end terminal, IPC_7351 nominal, (Body size source: http://www.tortai-tech.com/upload/download/2011102023233369053.pdf), generated with kicad-footprint-generator")
    (tags resistor)
    (path /60494C03)
    (attr smd)
    (fp_text reference R5 (at 0 -1.43 90) (layer F.SilkS)
      (effects (font (size 1 1) (thickness 0.15)))
    )
    (fp_text value 330 (at 0 1.43 90) (layer F.Fab)
      (effects (font (size 1 1) (thickness 0.15)))
    )
    (fp_text user %R (at 0 0 90) (layer F.Fab)
      (effects (font (size 0.4 0.4) (thickness 0.06)))
    )
    (fp_line (start 1.48 0.73) (end -1.48 0.73) (layer F.CrtYd) (width 0.05))
    (fp_line (start 1.48 -0.73) (end 1.48 0.73) (layer F.CrtYd) (width 0.05))
    (fp_line (start -1.48 -0.73) (end 1.48 -0.73) (layer F.CrtYd) (width 0.05))
    (fp_line (start -1.48 0.73) (end -1.48 -0.73) (layer F.CrtYd) (width 0.05))
    (fp_line (start -0.162779 0.51) (end 0.162779 0.51) (layer F.SilkS) (width 0.12))
    (fp_line (start -0.162779 -0.51) (end 0.162779 -0.51) (layer F.SilkS) (width 0.12))
    (fp_line (start 0.8 0.4) (end -0.8 0.4) (layer F.Fab) (width 0.1))
    (fp_line (start 0.8 -0.4) (end 0.8 0.4) (layer F.Fab) (width 0.1))
    (fp_line (start -0.8 -0.4) (end 0.8 -0.4) (layer F.Fab) (width 0.1))
    (fp_line (start -0.8 0.4) (end -0.8 -0.4) (layer F.Fab) (width 0.1))
    (pad 2 smd roundrect (at 0.7875 0 270) (size 0.875 0.95) (layers F.Cu F.Paste F.Mask) (roundrect_rratio 0.25)
      (net 8 RED1))
    (pad 1 smd roundrect (at -0.7875 0 270) (size 0.875 0.95) (layers F.Cu F.Paste F.Mask) (roundrect_rratio 0.25)
      (net 21 "Net-(D3-Pad2)"))
    (model ${KISYS3DMOD}/Resistor_SMD.3dshapes/R_0603_1608Metric.wrl
      (at (xyz 0 0 0))
      (scale (xyz 1 1 1))
      (rotate (xyz 0 0 0))
    )
  )

  (module Resistor_SMD:R_0603_1608Metric (layer F.Cu) (tedit 5B301BBD) (tstamp 606F3437)
    (at 131.1 71.5125 270)
    (descr "Resistor SMD 0603 (1608 Metric), square (rectangular) end terminal, IPC_7351 nominal, (Body size source: http://www.tortai-tech.com/upload/download/2011102023233369053.pdf), generated with kicad-footprint-generator")
    (tags resistor)
    (path /6049455D)
    (attr smd)
    (fp_text reference R4 (at 0 -1.43 90) (layer F.SilkS)
      (effects (font (size 1 1) (thickness 0.15)))
    )
    (fp_text value 330 (at 0 1.43 90) (layer F.Fab)
      (effects (font (size 1 1) (thickness 0.15)))
    )
    (fp_line (start -0.8 0.4) (end -0.8 -0.4) (layer F.Fab) (width 0.1))
    (fp_line (start -0.8 -0.4) (end 0.8 -0.4) (layer F.Fab) (width 0.1))
    (fp_line (start 0.8 -0.4) (end 0.8 0.4) (layer F.Fab) (width 0.1))
    (fp_line (start 0.8 0.4) (end -0.8 0.4) (layer F.Fab) (width 0.1))
    (fp_line (start -0.162779 -0.51) (end 0.162779 -0.51) (layer F.SilkS) (width 0.12))
    (fp_line (start -0.162779 0.51) (end 0.162779 0.51) (layer F.SilkS) (width 0.12))
    (fp_line (start -1.48 0.73) (end -1.48 -0.73) (layer F.CrtYd) (width 0.05))
    (fp_line (start -1.48 -0.73) (end 1.48 -0.73) (layer F.CrtYd) (width 0.05))
    (fp_line (start 1.48 -0.73) (end 1.48 0.73) (layer F.CrtYd) (width 0.05))
    (fp_line (start 1.48 0.73) (end -1.48 0.73) (layer F.CrtYd) (width 0.05))
    (fp_text user %R (at 0 0 90) (layer F.Fab)
      (effects (font (size 0.4 0.4) (thickness 0.06)))
    )
    (pad 1 smd roundrect (at -0.7875 0 270) (size 0.875 0.95) (layers F.Cu F.Paste F.Mask) (roundrect_rratio 0.25)
      (net 22 "Net-(D3-Pad1)"))
    (pad 2 smd roundrect (at 0.7875 0 270) (size 0.875 0.95) (layers F.Cu F.Paste F.Mask) (roundrect_rratio 0.25)
      (net 9 GREEN1))
    (model ${KISYS3DMOD}/Resistor_SMD.3dshapes/R_0603_1608Metric.wrl
      (at (xyz 0 0 0))
      (scale (xyz 1 1 1))
      (rotate (xyz 0 0 0))
    )
  )

  (module Battery:BatteryHolder_MPD_BC2003_1x2032 (layer B.Cu) (tedit 5D9C8106) (tstamp 604C5D7F)
    (at 133.2 67.6 180)
    (descr http://www.memoryprotectiondevices.com/datasheets/BC-2003-datasheet.pdf)
    (tags "BC2003 CR2032 2032 Battery Holder")
    (path /6041C4DE)
    (attr smd)
    (fp_text reference BT1 (at 0 11.2) (layer B.SilkS)
      (effects (font (size 1 1) (thickness 0.15)) (justify mirror))
    )
    (fp_text value Battery_Cell (at 0 -11.2) (layer B.Fab)
      (effects (font (size 1 1) (thickness 0.15)) (justify mirror))
    )
    (fp_line (start -10.35 -4.765) (end 10.35 -4.765) (layer B.Fab) (width 0.1))
    (fp_line (start -10.35 4.765) (end 10.35 4.765) (layer B.Fab) (width 0.1))
    (fp_line (start -10.35 -4.765) (end -10.35 4.765) (layer B.Fab) (width 0.1))
    (fp_line (start 10.35 -4.765) (end 10.35 4.765) (layer B.Fab) (width 0.1))
    (fp_line (start 10.35 -2.525) (end 12 -2.525) (layer B.Fab) (width 0.1))
    (fp_line (start 10.35 2.525) (end 12 2.525) (layer B.Fab) (width 0.1))
    (fp_line (start 12.7 1.825) (end 12 2.525) (layer B.Fab) (width 0.1))
    (fp_line (start 12.7 -1.825) (end 12 -2.525) (layer B.Fab) (width 0.1))
    (fp_line (start 12.7 1.825) (end 12.7 -1.825) (layer B.Fab) (width 0.1))
    (fp_line (start -10.35 2.525) (end -12 2.525) (layer B.Fab) (width 0.1))
    (fp_line (start -10.35 -2.525) (end -12 -2.525) (layer B.Fab) (width 0.1))
    (fp_line (start -12.7 1.825) (end -12 2.525) (layer B.Fab) (width 0.1))
    (fp_line (start -12.7 -1.825) (end -12 -2.525) (layer B.Fab) (width 0.1))
    (fp_line (start -12.7 1.825) (end -12.7 -1.825) (layer B.Fab) (width 0.1))
    (fp_text user %R (at 0 0) (layer B.Fab)
      (effects (font (size 1 1) (thickness 0.15)) (justify mirror))
    )
    (fp_line (start -10.47 4.885) (end -8.86291 4.885) (layer B.SilkS) (width 0.12))
    (fp_line (start -10.47 3) (end -10.47 4.885) (layer B.SilkS) (width 0.12))
    (fp_line (start 10.47 3) (end 10.47 4.885) (layer B.SilkS) (width 0.12))
    (fp_line (start -10.47 -3) (end -10.47 -4.885) (layer B.SilkS) (width 0.12))
    (fp_line (start 10.47 -3) (end 10.47 -4.885) (layer B.SilkS) (width 0.12))
    (fp_line (start 10.47 4.885) (end 8.86291 4.885) (layer B.SilkS) (width 0.12))
    (fp_line (start -10.47 -4.885) (end -8.86291 -4.885) (layer B.SilkS) (width 0.12))
    (fp_line (start 10.47 -4.885) (end 8.86291 -4.885) (layer B.SilkS) (width 0.12))
    (fp_line (start 8.94 5.01) (end 10.6 5.01) (layer B.CrtYd) (width 0.05))
    (fp_line (start 10.6 5.01) (end 10.6 3.03) (layer B.CrtYd) (width 0.05))
    (fp_line (start 10.6 3.03) (end 13.45 3.03) (layer B.CrtYd) (width 0.05))
    (fp_line (start 13.45 3.03) (end 13.45 -3.03) (layer B.CrtYd) (width 0.05))
    (fp_line (start 10.6 -3.03) (end 13.45 -3.03) (layer B.CrtYd) (width 0.05))
    (fp_line (start 10.6 -5.01) (end 10.6 -3.03) (layer B.CrtYd) (width 0.05))
    (fp_arc (start 0 0) (end 8.94 5.01) (angle 121.4) (layer B.CrtYd) (width 0.05))
    (fp_line (start 8.94 -5.01) (end 10.6 -5.01) (layer B.CrtYd) (width 0.05))
    (fp_line (start -8.94 5.01) (end -10.6 5.01) (layer B.CrtYd) (width 0.05))
    (fp_line (start -10.6 5.01) (end -10.6 3.03) (layer B.CrtYd) (width 0.05))
    (fp_line (start -10.6 3.03) (end -13.45 3.03) (layer B.CrtYd) (width 0.05))
    (fp_line (start -13.45 3.03) (end -13.45 -3.03) (layer B.CrtYd) (width 0.05))
    (fp_line (start -13.45 -3.03) (end -10.6 -3.03) (layer B.CrtYd) (width 0.05))
    (fp_line (start -10.6 -5.01) (end -10.6 -3.03) (layer B.CrtYd) (width 0.05))
    (fp_line (start -10.6 -5.01) (end -8.94 -5.01) (layer B.CrtYd) (width 0.05))
    (fp_arc (start 0 0) (end -8.94 -5.01) (angle 121.3) (layer B.CrtYd) (width 0.05))
    (fp_arc (start 0 0) (end 8.86291 4.885) (angle 122.2752329) (layer B.SilkS) (width 0.12))
    (fp_arc (start 0 0) (end -8.86291 -4.885) (angle 122.3) (layer B.SilkS) (width 0.12))
    (pad 2 smd circle (at 0 0 180) (size 17.8 17.8) (layers B.Cu B.Mask)
      (net 1 GND))
    (pad 1 smd rect (at 11.905 0 180) (size 2.6 5.56) (layers B.Cu B.Paste B.Mask)
      (net 2 +3V3))
    (pad 1 smd rect (at -11.905 0 180) (size 2.6 5.56) (layers B.Cu B.Paste B.Mask)
      (net 2 +3V3))
    (model ${KISYS3DMOD}/Battery.3dshapes/BatteryHolder_MPD_BC2003_1x2032.wrl
      (at (xyz 0 0 0))
      (scale (xyz 1 1 1))
      (rotate (xyz 0 -5 180))
    )
    (model ${KIPRJMOD}/BAT-HLD-001.stp
      (offset (xyz 0 0 4.5))
      (scale (xyz 1 1 1))
      (rotate (xyz -90 0 0))
    )
  )

  (module RF_Module:Laird_BL652 (layer F.Cu) (tedit 60484F4E) (tstamp 6050438D)
    (at 134.9 86.5 90)
    (descr "Bluetooth v4.2 + NFC module")
    (tags "Bluetooth BLE NFC")
    (path /6042AA22)
    (attr smd)
    (fp_text reference U1 (at 0 -6.985 90) (layer F.SilkS)
      (effects (font (size 1 1) (thickness 0.15)))
    )
    (fp_text value az_BL652 (at 0 0 90) (layer F.Fab)
      (effects (font (size 1 1) (thickness 0.15)))
    )
    (fp_line (start -3.429 5.207) (end -8.001 5.207) (layer F.SilkS) (width 0.12))
    (fp_line (start -6.477 -5.842) (end -5.588 -5.842) (layer F.SilkS) (width 0.12))
    (fp_line (start -6.477 -5.207) (end -6.477 -5.842) (layer F.SilkS) (width 0.12))
    (fp_line (start -8.001 -5.207) (end -6.477 -5.207) (layer F.SilkS) (width 0.12))
    (fp_line (start 6.223 5.207) (end 5.969 5.207) (layer F.SilkS) (width 0.12))
    (fp_line (start 6.223 -5.207) (end 6.223 -4.318) (layer F.SilkS) (width 0.12))
    (fp_line (start 5.969 -5.207) (end 6.223 -5.207) (layer F.SilkS) (width 0.12))
    (fp_line (start 7 6) (end -8.25 6) (layer F.CrtYd) (width 0.05))
    (fp_line (start -8.25 6) (end -8.25 -6) (layer F.CrtYd) (width 0.05))
    (fp_line (start -8.25 -6) (end 7 -6) (layer F.CrtYd) (width 0.05))
    (fp_line (start 7 -6) (end 7 6) (layer F.CrtYd) (width 0.05))
    (fp_line (start 6.223 5.207) (end 6.223 4.318) (layer F.SilkS) (width 0.12))
    (fp_line (start 5.95 5) (end -8.05 5) (layer F.Fab) (width 0.1))
    (fp_line (start 5.95 -5) (end 5.95 5) (layer F.Fab) (width 0.1))
    (fp_line (start -8.05 -5) (end 5.9 -5) (layer F.Fab) (width 0.1))
    (fp_line (start -8.05 -5) (end -8.05 5) (layer F.Fab) (width 0.1))
    (fp_text user %R (at 0 -2.5 90) (layer F.Fab)
      (effects (font (size 1 1) (thickness 0.15)))
    )
    (pad 1 smd rect (at -5.85 -4.9 180) (size 1.2 0.5) (layers F.Cu F.Paste F.Mask)
      (net 1 GND))
    (pad 5 smd rect (at -2.95 -4.9 180) (size 1.2 0.3) (layers F.Cu F.Paste F.Mask)
      (net 16 "Net-(J3-Pad6)"))
    (pad 6 smd rect (at -2 -4.9 180) (size 1.2 0.3) (layers F.Cu F.Paste F.Mask)
      (net 15 "Net-(J3-Pad5)"))
    (pad 10 smd rect (at 0.9 -4.9 180) (size 1.2 0.5) (layers F.Cu F.Paste F.Mask)
      (net 12 GREEN0))
    (pad 12 smd rect (at 2.4 -4.9 180) (size 1.2 0.5) (layers F.Cu F.Paste F.Mask)
      (net 13 RED0))
    (pad 14 smd rect (at 3.9 -4.9 180) (size 1.2 0.5) (layers F.Cu F.Paste F.Mask)
      (net 14 BLUE0))
    (pad 16 smd rect (at 5.4 -4.9 180) (size 0.6 0.5) (layers F.Cu F.Paste F.Mask)
      (net 1 GND))
    (pad 17 smd rect (at 5.85 -3.75 90) (size 1.2 0.5) (layers F.Cu F.Paste F.Mask)
      (net 9 GREEN1))
    (pad 19 smd rect (at 5.85 -2.25 90) (size 1.2 0.5) (layers F.Cu F.Paste F.Mask)
      (net 8 RED1))
    (pad 21 smd rect (at 5.85 -0.75 90) (size 1.2 0.5) (layers F.Cu F.Paste F.Mask)
      (net 7 BLUE1))
    (pad 23 smd rect (at 5.85 0.75 90) (size 1.2 0.5) (layers F.Cu F.Paste F.Mask)
      (net 11 SW0))
    (pad 26 smd rect (at 5.85 2.9 90) (size 1.2 0.3) (layers F.Cu F.Paste F.Mask)
      (net 2 +3V3))
    (pad 27 smd rect (at 5.85 3.85 90) (size 1.2 0.3) (layers F.Cu F.Paste F.Mask)
      (net 1 GND))
    (pad 29 smd rect (at 4.65 4.9 180) (size 1.2 0.5) (layers F.Cu F.Paste F.Mask)
      (net 3 RX))
    (pad 31 smd rect (at 3.15 4.9 180) (size 1.2 0.5) (layers F.Cu F.Paste F.Mask)
      (net 4 TX))
    (pad 33 smd rect (at 1.65 4.9 180) (size 1.2 0.5) (layers F.Cu F.Paste F.Mask)
      (net 10 "Net-(TP2-Pad1)"))
    (pad 35 smd rect (at 0.15 4.9 180) (size 1.2 0.5) (layers F.Cu F.Paste F.Mask)
      (net 6 RTS))
    (pad 37 smd rect (at -1.35 4.9 180) (size 1.2 0.5) (layers F.Cu F.Paste F.Mask)
      (net 5 CTS))
    (pad 39 smd rect (at -2.85 4.9 180) (size 1.2 0.5) (layers F.Cu F.Paste F.Mask)
      (net 1 GND))
    (model ${KISYS3DMOD}/RF_Module.3dshapes/Laird_BL652.wrl
      (offset (xyz 0 0.25 0))
      (scale (xyz 1 1 1))
      (rotate (xyz 0 0 0))
    )
    (model ${KIPRJMOD}/BL652_SA_A1.STEP
      (offset (xyz 5.88 -4.95 0))
      (scale (xyz 0.98 1 0.98))
      (rotate (xyz -90 0 -90))
    )
  )

  (module Connector_PinSocket_2.54mm:PinSocket_1x04_P2.54mm_Vertical (layer F.Cu) (tedit 6050493F) (tstamp 60504497)
    (at 145.8 73.98)
    (descr "Through hole straight socket strip, 1x04, 2.54mm pitch, single row (from Kicad 4.0.7), script generated")
    (tags "Through hole socket strip THT 1x04 2.54mm single row")
    (path /6045B738)
    (fp_text reference J2 (at 0 -2.77) (layer F.SilkS)
      (effects (font (size 1 1) (thickness 0.15)))
    )
    (fp_text value Conn_01x04 (at 0 10.39) (layer F.Fab)
      (effects (font (size 1 1) (thickness 0.15)))
    )
    (fp_line (start -1.27 -1.27) (end 0.635 -1.27) (layer F.Fab) (width 0.1))
    (fp_line (start 0.635 -1.27) (end 1.27 -0.635) (layer F.Fab) (width 0.1))
    (fp_line (start 1.27 -0.635) (end 1.27 8.89) (layer F.Fab) (width 0.1))
    (fp_line (start 1.27 8.89) (end -1.27 8.89) (layer F.Fab) (width 0.1))
    (fp_line (start -1.27 8.89) (end -1.27 -1.27) (layer F.Fab) (width 0.1))
    (fp_line (start -1.33 1.27) (end 1.33 1.27) (layer F.SilkS) (width 0.12))
    (fp_line (start -1.33 1.27) (end -1.33 8.95) (layer F.SilkS) (width 0.12))
    (fp_line (start -1.33 8.95) (end 1.33 8.95) (layer F.SilkS) (width 0.12))
    (fp_line (start 1.33 1.27) (end 1.33 8.95) (layer F.SilkS) (width 0.12))
    (fp_line (start 1.33 -1.33) (end 1.33 0) (layer F.SilkS) (width 0.12))
    (fp_line (start 0 -1.33) (end 1.33 -1.33) (layer F.SilkS) (width 0.12))
    (fp_line (start -1.8 -1.8) (end 1.75 -1.8) (layer F.CrtYd) (width 0.05))
    (fp_line (start 1.75 -1.8) (end 1.75 9.4) (layer F.CrtYd) (width 0.05))
    (fp_line (start 1.75 9.4) (end -1.8 9.4) (layer F.CrtYd) (width 0.05))
    (fp_line (start -1.8 9.4) (end -1.8 -1.8) (layer F.CrtYd) (width 0.05))
    (fp_text user %R (at 0 3.81 90) (layer F.Fab)
      (effects (font (size 1 1) (thickness 0.15)))
    )
    (pad 1 smd rect (at 0 0) (size 1.7 1.7) (layers F.Cu F.Paste F.Mask)
      (net 2 +3V3))
    (pad 2 smd rect (at 0 2.54) (size 1.7 1.7) (layers F.Cu F.Paste F.Mask)
      (net 3 RX))
    (pad 3 smd rect (at 0 5.08) (size 1.7 1.7) (layers F.Cu F.Paste F.Mask)
      (net 4 TX))
    (pad 4 smd rect (at 0 7.62) (size 1.7 1.7) (layers F.Cu F.Paste F.Mask)
      (net 1 GND))
  )

  (module Capacitor_SMD:C_0603_1608Metric (layer F.Cu) (tedit 5B301BBE) (tstamp 6041B247)
    (at 123.3 79.6875 270)
    (descr "Capacitor SMD 0603 (1608 Metric), square (rectangular) end terminal, IPC_7351 nominal, (Body size source: http://www.tortai-tech.com/upload/download/2011102023233369053.pdf), generated with kicad-footprint-generator")
    (tags capacitor)
    (path /604678FD)
    (attr smd)
    (fp_text reference C1 (at 0 -1.43 90) (layer F.SilkS)
      (effects (font (size 1 1) (thickness 0.15)))
    )
    (fp_text value C (at 0 1.43 90) (layer F.Fab)
      (effects (font (size 1 1) (thickness 0.15)))
    )
    (fp_line (start -0.8 0.4) (end -0.8 -0.4) (layer F.Fab) (width 0.1))
    (fp_line (start -0.8 -0.4) (end 0.8 -0.4) (layer F.Fab) (width 0.1))
    (fp_line (start 0.8 -0.4) (end 0.8 0.4) (layer F.Fab) (width 0.1))
    (fp_line (start 0.8 0.4) (end -0.8 0.4) (layer F.Fab) (width 0.1))
    (fp_line (start -0.162779 -0.51) (end 0.162779 -0.51) (layer F.SilkS) (width 0.12))
    (fp_line (start -0.162779 0.51) (end 0.162779 0.51) (layer F.SilkS) (width 0.12))
    (fp_line (start -1.48 0.73) (end -1.48 -0.73) (layer F.CrtYd) (width 0.05))
    (fp_line (start -1.48 -0.73) (end 1.48 -0.73) (layer F.CrtYd) (width 0.05))
    (fp_line (start 1.48 -0.73) (end 1.48 0.73) (layer F.CrtYd) (width 0.05))
    (fp_line (start 1.48 0.73) (end -1.48 0.73) (layer F.CrtYd) (width 0.05))
    (fp_text user %R (at 0 0 90) (layer F.Fab)
      (effects (font (size 0.4 0.4) (thickness 0.06)))
    )
    (pad 1 smd roundrect (at -0.7875 0 270) (size 0.875 0.95) (layers F.Cu F.Paste F.Mask) (roundrect_rratio 0.25)
      (net 2 +3V3))
    (pad 2 smd roundrect (at 0.7875 0 270) (size 0.875 0.95) (layers F.Cu F.Paste F.Mask) (roundrect_rratio 0.25)
      (net 1 GND))
    (model ${KISYS3DMOD}/Capacitor_SMD.3dshapes/C_0603_1608Metric.wrl
      (at (xyz 0 0 0))
      (scale (xyz 1 1 1))
      (rotate (xyz 0 0 0))
    )
  )

  (module Connector_PinSocket_2.54mm:PinSocket_1x02_P2.54mm_Vertical (layer F.Cu) (tedit 606F60D3) (tstamp 606F52BC)
    (at 136 77.5 180)
    (descr "Through hole straight socket strip, 1x02, 2.54mm pitch, single row (from Kicad 4.0.7), script generated")
    (tags "Through hole socket strip THT 1x02 2.54mm single row")
    (path /6045EA40)
    (fp_text reference J1 (at -1.6 1.9) (layer F.SilkS)
      (effects (font (size 1 1) (thickness 0.15)))
    )
    (fp_text value Conn_01x02 (at 0 5.31) (layer F.Fab)
      (effects (font (size 1 1) (thickness 0.15)))
    )
    (fp_text user %R (at 0 1.27 90) (layer F.Fab)
      (effects (font (size 1 1) (thickness 0.15)))
    )
    (fp_line (start -1.8 4.3) (end -1.8 -1.8) (layer F.CrtYd) (width 0.05))
    (fp_line (start 1.75 4.3) (end -1.8 4.3) (layer F.CrtYd) (width 0.05))
    (fp_line (start 1.75 -1.8) (end 1.75 4.3) (layer F.CrtYd) (width 0.05))
    (fp_line (start -1.8 -1.8) (end 1.75 -1.8) (layer F.CrtYd) (width 0.05))
    (fp_line (start 0 -1.33) (end 1.33 -1.33) (layer F.SilkS) (width 0.12))
    (fp_line (start 1.33 -1.33) (end 1.33 0) (layer F.SilkS) (width 0.12))
    (fp_line (start 1.33 1.27) (end 1.33 3.87) (layer F.SilkS) (width 0.12))
    (fp_line (start -1.33 3.87) (end 1.33 3.87) (layer F.SilkS) (width 0.12))
    (fp_line (start -1.33 1.27) (end -1.33 3.87) (layer F.SilkS) (width 0.12))
    (fp_line (start -1.33 1.27) (end 1.33 1.27) (layer F.SilkS) (width 0.12))
    (fp_line (start -1.27 3.81) (end -1.27 -1.27) (layer F.Fab) (width 0.1))
    (fp_line (start 1.27 3.81) (end -1.27 3.81) (layer F.Fab) (width 0.1))
    (fp_line (start 1.27 -0.635) (end 1.27 3.81) (layer F.Fab) (width 0.1))
    (fp_line (start 0.635 -1.27) (end 1.27 -0.635) (layer F.Fab) (width 0.1))
    (fp_line (start -1.27 -1.27) (end 0.635 -1.27) (layer F.Fab) (width 0.1))
    (pad 2 thru_hole rect (at 0 2.54 180) (size 1.7 1.7) (drill 1) (layers *.Cu *.Mask)
      (net 1 GND))
    (pad 1 smd rect (at 0 0 180) (size 1.7 1.7) (layers F.Cu F.Paste F.Mask)
      (net 11 SW0))
  )

  (module TestPoint:TestPoint_Pad_1.0x1.0mm (layer F.Cu) (tedit 5A0F774F) (tstamp 605043E8)
    (at 142.8 83.9)
    (descr "SMD rectangular pad as test Point, square 1.0mm side length")
    (tags "test point SMD pad rectangle square")
    (path /6045E930)
    (attr virtual)
    (fp_text reference TP2 (at 0 -1.448) (layer F.SilkS)
      (effects (font (size 1 1) (thickness 0.15)))
    )
    (fp_text value TestPoint (at 0 1.55) (layer F.Fab)
      (effects (font (size 1 1) (thickness 0.15)))
    )
    (fp_text user %R (at 0 -1.45) (layer F.Fab)
      (effects (font (size 1 1) (thickness 0.15)))
    )
    (fp_line (start -0.7 -0.7) (end 0.7 -0.7) (layer F.SilkS) (width 0.12))
    (fp_line (start 0.7 -0.7) (end 0.7 0.7) (layer F.SilkS) (width 0.12))
    (fp_line (start 0.7 0.7) (end -0.7 0.7) (layer F.SilkS) (width 0.12))
    (fp_line (start -0.7 0.7) (end -0.7 -0.7) (layer F.SilkS) (width 0.12))
    (fp_line (start -1 -1) (end 1 -1) (layer F.CrtYd) (width 0.05))
    (fp_line (start -1 -1) (end -1 1) (layer F.CrtYd) (width 0.05))
    (fp_line (start 1 1) (end 1 -1) (layer F.CrtYd) (width 0.05))
    (fp_line (start 1 1) (end -1 1) (layer F.CrtYd) (width 0.05))
    (pad 1 smd circle (at 0 0) (size 1 1) (layers F.Cu F.Mask)
      (net 10 "Net-(TP2-Pad1)"))
  )

  (module TestPoint:TestPoint_Pad_1.0x1.0mm (layer F.Cu) (tedit 5A0F774F) (tstamp 60504466)
    (at 145.4 85.1)
    (descr "SMD rectangular pad as test Point, square 1.0mm side length")
    (tags "test point SMD pad rectangle square")
    (path /6045E3B6)
    (attr virtual)
    (fp_text reference TP3 (at 0 -1.448) (layer F.SilkS)
      (effects (font (size 1 1) (thickness 0.15)))
    )
    (fp_text value TestPoint (at 0 1.55) (layer F.Fab)
      (effects (font (size 1 1) (thickness 0.15)))
    )
    (fp_line (start 1 1) (end -1 1) (layer F.CrtYd) (width 0.05))
    (fp_line (start 1 1) (end 1 -1) (layer F.CrtYd) (width 0.05))
    (fp_line (start -1 -1) (end -1 1) (layer F.CrtYd) (width 0.05))
    (fp_line (start -1 -1) (end 1 -1) (layer F.CrtYd) (width 0.05))
